2.049748826073904e-06  4.883583456024006e-06  2.050285973772977e-06
2.039380826799463e-06  4.88567892282171e-06  2.051419250276236e-06
2.029001212248296e-06  4.887725276079985e-06  2.052531378219014e-06
2.018611616422178e-06  4.889722626440041e-06  2.053622362341172e-06
2.008213701428514e-06  4.891671206443554e-06  2.05469226783599e-06
1.997809147221759e-06  4.893571382549746e-06  2.05574122774914e-06
1.987399638526659e-06  4.895423667763426e-06  2.056769450997772e-06
1.976986848326115e-06  4.897228734639947e-06  2.057777230948707e-06
1.966572417209565e-06  4.898987428293476e-06  2.058764954429239e-06
1.95615792780132e-06  4.900700778848873e-06  2.059733110952493e-06
1.945744873437679e-06  4.902370012535386e-06  2.060682301815259e-06
1.93533462025983e-06  4.903996560314079e-06  2.06161324856277e-06
1.924928361969563e-06  4.905582062556044e-06  2.062526800106342e-06
1.914527066700899e-06  4.907128367848335e-06  2.063423937523348e-06
1.904131415850028e-06  4.908637523516692e-06  2.064305775268021e-06
1.89374173534555e-06  4.910111754957946e-06  2.065173557190216e-06
1.883357920802657e-06  4.911553430442452e-06  2.066028645428533e-06
1.872979359349586e-06  4.912965007792715e-06  2.066872499968993e-06
1.862604852669091e-06  4.914348959433487e-06  2.067706646526236e-06
1.852232547915559e-06  4.915707672954938e-06  2.068532630529949e-06
1.841859885483122e-06  4.917043325777276e-06  2.069351955532256e-06
1.83148357477348e-06  4.918357734976687e-06  2.070166005446872e-06
1.821099610601859e-06  4.919652186948794e-06  2.070975951808395e-06
1.810703342955079e-06  4.920927256241705e-06  2.071782649719492e-06
1.800289610664372e-06  4.922182628123156e-06  2.072586529171895e-06
1.789852944505352e-06  4.923416944343461e-06  2.073387491566658e-06
1.779387837089126e-06  4.924627694788985e-06  2.074184823830589e-06
1.768889066289765e-06  4.92581117777654e-06  2.074977143655999e-06
1.75835204753194e-06  4.926962547378811e-06  2.075762388245214e-06
1.747773180615427e-06  4.928075957019861e-06  2.076537855052466e-06
1.737150151770917e-06  4.929144795612338e-06  2.077300296604779e-06
1.726482153558839e-06  4.930161998130805e-06  2.078046063604375e-06
1.715769994629047e-06  4.931120400049048e-06  2.078771282880526e-06
1.705016086683842e-06  4.932013097714665e-06  2.079472051241794e-06
1.694224313813438e-06  4.9328337764263e-06  2.080144624267643e-06
1.683399805537253e-06  4.933576974663011e-06  2.080785580973922e-06
1.672548645882196e-06  4.93423826460745e-06  2.081391950393092e-06
1.661677554893242e-06  4.934814342688321e-06  2.081961292945418e-06
1.650793576381835e-06  4.935303036216028e-06  2.082491736342436e-06
1.639903798332788e-06  4.935703241091444e-06  2.082981971286998e-06
1.62901512275245e-06  4.936014810156175e-06  2.083431215684253e-06
1.618134092200669e-06  4.936238412352223e-06  2.083839157386906e-06
1.607266772420695e-06  4.936375380545883e-06  2.084205885073743e-06
1.596418685098225e-06  4.936427561952148e-06  2.084531815324952e-06
1.585594781849071e-06  4.936397180723042e-06  2.084817621925544e-06
1.574799449613722e-06  4.936286718239408e-06  2.085064171373998e-06
1.564036538112575e-06  4.936098813401134e-06  2.085272466790628e-06
1.553309401294596e-06  4.935836182876139e-06  2.085443601040344e-06
1.542620946323286e-06  4.93550155978027e-06  2.085578718922471e-06
1.531973685265999e-06  4.935097648459032e-06  2.08567898768413e-06
1.52136978610071e-06  4.934627092741914e-06  2.085745574803336e-06
1.510811120845609e-06  4.934092455070366e-06  2.085779631880782e-06
1.500299309536555e-06  4.93349620412438e-06  2.085782283503635e-06
1.489835759448826e-06  4.932840708890307e-06  2.085754620044854e-06
1.479421699423495e-06  4.932128237457719e-06  2.085697693497881e-06
1.469058209459815e-06  4.931360959165259e-06  2.085612515592753e-06
1.458746245914707e-06  4.930540949013132e-06  2.085500057580093e-06
1.448486662743684e-06  4.929670193514074e-06  2.08536125119555e-06
1.438280229251948e-06  4.928750597364253e-06  2.085196990425631e-06
1.428127644820895e-06  4.927783990483608e-06  2.085008133786039e-06
1.418029551048769e-06  4.926772135106957e-06  2.08479550689675e-06
1.407986541705432e-06  4.925716732708556e-06  2.084559905196245e-06
1.3979991708571e-06  4.924619430619451e-06  2.08430209668278e-06
1.388067959472038e-06  4.923481828253967e-06  2.084022824605678e-06
1.378193400775379e-06  4.922305482903447e-06  2.083722810056302e-06
1.368375964581943e-06  4.921091915085394e-06  2.083402754428484e-06
1.358616100800844e-06  4.919842613457311e-06  2.083063341733087e-06
1.348914242274977e-06  4.91855903931898e-06  2.082705240762318e-06
1.339270807091806e-06  4.917242630736318e-06  2.082329107107261e-06
1.329686200478889e-06  4.915894806325753e-06  2.081935585037681e-06
1.320160816377808e-06  4.914516968741322e-06  2.081525309257025e-06
1.310695038773147e-06  4.91311050790846e-06  2.081098906548314e-06
1.301289242838529e-06  4.911676804049337e-06  2.080656997328592e-06
1.291943795949166e-06  4.910217230545197e-06  2.080200197131204e-06
1.282659058599489e-06  4.908733156681751e-06  2.079729118036509e-06
1.273435385254927e-06  4.907225950324503e-06  2.079244370072988e-06
1.264273125158425e-06  4.905696980572022e-06  2.078746562612077e-06
1.25517262310444e-06  4.904147620436565e-06  2.078236305781594e-06
1.246134220185594e-06  4.902579249603182e-06  2.077714211924286e-06
1.237158254509352e-06  4.900993257320245e-06  2.077180897129887e-06
1.228245061873644e-06  4.899391045476521e-06  2.076636982871145e-06
1.219394976380807e-06  4.897774031922241e-06  2.076083097776622e-06
1.210608330958076e-06  4.89614365409429e-06  2.075519879575686e-06
1.201885457739729e-06  4.894501373008598e-06  2.074947977254082e-06
1.193226688250242e-06  4.892848677685687e-06  2.074368053461667e-06
1.184632353308904e-06  4.891187090077976e-06  2.073780787217233e-06
1.176102782553369e-06  4.889518170569083e-06  2.073186876958597e-06
1.167638303451937e-06  4.887843524115337e-06  2.072587043989005e-06
1.159239239640672e-06  4.886164807096899e-06  2.071982036372845e-06
1.150905908381116e-06  4.884483734938794e-06  2.071372633334098e-06
1.142638616886011e-06  4.882802090548886e-06  2.070759650208815e-06
1.134437657203459e-06  4.881121733597712e-06  2.070143943997033e-06
1.126303299283673e-06  4.879444610630777e-06  2.06952641954798e-06
1.118235781777144e-06  4.877772765952938e-06  2.06890803639298e-06
1.110235300029952e-06  4.87610835315126e-06  2.068289816209823e-06
1.102301990654186e-06  4.874453647020063e-06  2.06767285085663e-06
1.094435911964879e-06  4.872811055511524e-06  2.067058310847232e-06
1.086637019499321e-06  4.871183131147585e-06  2.066447454047787e-06
1.078905135785407e-06  4.869572581084739e-06  2.065841634249175e-06
1.07123991352615e-06  4.867982274714406e-06  2.065242309104792e-06
1.063640791450555e-06  4.866415247304158e-06  2.064651046713151e-06
1.056106942291735e-06  4.864874697742895e-06  2.064069529866686e-06
1.048637212748722e-06  4.863363977964115e-06  2.063499556685845e-06
1.041230055936527e-06  4.861886571126047e-06  2.062943036025684e-06
1.033883457801042e-06  4.860446055198248e-06  2.062401975712074e-06
1.026594860331748e-06  4.859046048357473e-06  2.061878461392174e-06
1.019361086170805e-06  4.857690132697601e-06  2.061374623655285e-06
1.012178271343059e-06  4.856381753424485e-06  2.060892591215702e-06
1.005041815147148e-06  4.85512409218035e-06  2.060434428496542e-06
9.97946358409878e-07  4.853919915646731e-06  2.060002057067349e-06
9.908858027659296e-07  4.85277140422482e-06  2.059597162186869e-06
9.838533836479633e-07  4.851679970273764e-06  2.059221088200988e-06
9.768418074450837e-07  4.850646080625396e-06  2.058874729574847e-06
9.698434581471478e-07  4.849669102963111e-06  2.058558427472052e-06
9.628506705582054e-07  4.848747198814329e-06  2.058271884336216e-06
9.558560564909778e-07  4.847877285847564e-06  2.058014110004797e-06
9.488528589440347e-07  4.847055087664613e-06  2.057783411663403e-06
9.418352997112385e-07  4.846275279994325e-06  2.057577435979018e-06
9.347988810657426e-07  4.845531729144628e-06  2.057393265277502e-06
9.277406042981304e-07  4.844817804197552e-06  2.057227561731591e-06
9.206590775005088e-07  4.844126732071583e-06  2.057076745926463e-06
9.135545004422334e-07  4.843451957407067e-06  2.056937190738841e-06
9.06428532221336e-07  4.842787469137552e-06  2.056805409567351e-06
8.992840634333022e-07  4.842128062477213e-06  2.05667821995619e-06
8.92124925409672e-07  4.841469516850469e-06  2.05655286883532e-06
8.849555729355046e-07  4.840808683881248e-06  2.056427112461301e-06
8.777807740927797e-07  4.840143491833955e-06  2.056299250986453e-06
8.706053333888526e-07  4.839472881684632e-06  2.056168123053935e-06
8.634338646629085e-07  4.83879669446298e-06  2.056033069201929e-06
8.562706207540199e-07  4.838115530002198e-06  2.05589387411076e-06
8.491193791506678e-07  4.837430594854373e-06  2.055750697260309e-06
8.419833775327924e-07  4.83674355318191e-06  2.0556040000065e-06
8.348652902521086e-07  4.836056390062834e-06  2.055454475046599e-06
8.277672359251403e-07  4.835371292641916e-06  2.05530298219329e-06
8.206908068205182e-07  4.834690551340549e-06  2.055150492605292e-06
8.136371120167186e-07  4.834016481029477e-06  2.054998042254676e-06
8.066068279214239e-07  4.833351360602599e-06  2.054846694460609e-06
7.996002513625272e-07  4.832697388605996e-06  2.054697510732628e-06
7.92617351901905e-07  4.832056652288346e-06  2.054551528863375e-06
7.856578212064999e-07  4.831431107477071e-06  2.05440974710851e-06
7.787211182235365e-07  4.830822566912934e-06  2.054273113318996e-06
7.718065095718755e-07  4.830232694995486e-06  2.054142517992817e-06
7.64913105020416e-07  4.829663007237216e-06  2.054018790350181e-06
7.580398882216982e-07  4.82911487305565e-06  2.053902696682509e-06
7.511857430457148e-07  4.828589520829107e-06  2.053794940365568e-06
7.443494759501849e-07  4.828088044394665e-06  2.053696163052693e-06
7.375298348566652e-07  4.827611410375092e-06  2.053606946671895e-06
7.30725524997575e-07  4.827160465888438e-06  2.053527815940224e-06
7.239352221724341e-07  4.826735946324616e-06  2.053459241181391e-06
7.171575838126994e-07  4.826338482973738e-06  2.05340164129027e-06
7.103912582103918e-07  4.825968610366669e-06  2.053355386732958e-06
7.036348922205391e-07  4.825626773244503e-06  2.053320802505716e-06
6.968871377039855e-07  4.825313333114992e-06  2.0532981710026e-06
6.901466569370229e-07  4.825028574383847e-06  2.053287734761667e-06
6.834121271786791e-07  4.824772710070227e-06  2.053289699074746e-06
6.766822445558463e-07  4.824545887130441e-06  2.053304234456814e-06
6.699557274005039e-07  4.824348191423385e-06  2.053331478978944e-06
6.63231319151272e-07  4.824179652356976e-06  2.053371540474203e-06
6.565077909125421e-07  4.824040247257985e-06  2.053424498629588e-06
6.497839437478456e-07  4.823929905509397e-06  2.053490406979707e-06
6.430586107696576e-07  4.823848512500425e-06  2.053569294819897e-06
6.363306590752612e-07  4.823795913434889e-06  2.053661169058058e-06
6.295989915673805e-07  4.823771917044256e-06  2.053766016025869e-06
6.228625486886802e-07  4.823776299252182e-06  2.053883803271319e-06
6.16120310090552e-07  4.823808806838168e-06  2.054014481355819e-06
6.093712962484843e-07  4.823869161148991e-06  2.054157985680518e-06
6.026145700283626e-07  4.823957061908028e-06  2.054314238368091e-06
5.958492381999165e-07  4.824072191174416e-06  2.054483150228062e-06
5.890744528848271e-07  4.824214217506314e-06  2.054664622835898e-06
5.822894129173339e-07  4.824382800385213e-06  2.054858550758525e-06
5.754933650840617e-07  4.824577594961218e-06  2.055064823961711e-06
5.686856051967124e-07  4.824798257182434e-06  2.055283330437777e-06
5.61865478935612e-07  4.825044449374574e-06  2.055513959095393e-06
5.550323823832065e-07  4.8253158463396e-06  2.055756602956563e-06
5.481857621436775e-07  4.825612142043812e-06  2.056011162709155e-06
5.413251149170618e-07  4.825933056965678e-06  2.056277550666168e-06
5.344499863626668e-07  4.826278346170838e-06  2.056555695184857e-06
5.275599690461935e-07  4.82664780817438e-06  2.056845545599137e-06
5.206546992167496e-07  4.827041294636934e-06  2.05714707771644e-06
5.137338521028882e-07  4.827458720918419e-06  2.05746029992399e-06
5.067971353501903e-07  4.82790007747809e-06  2.057785259937586e-06
4.998442801467448e-07  4.828365442057455e-06  2.058122052206023e-06
4.928750294985969e-07  4.828854992508143e-06  2.058470825953221e-06
4.858891230284602e-07  4.829369020023066e-06  2.058831793793863e-06
4.788862775841713e-07  4.829907942387745e-06  2.059205240791762e-06
4.718661628686124e-07  4.830472316679937e-06  2.059591533737114e-06
4.648283712554891e-07  4.831062850600136e-06  2.059991130292533e-06
4.577723809584205e-07  4.831680411304973e-06  2.060404587491592e-06
4.506975118075037e-07  4.832326030236234e-06  2.060832568861996e-06
4.436028731031405e-07  4.833000901994287e-06  2.061275849186005e-06
4.364873034192517e-07  4.833706374814652e-06  2.061735315607281e-06
4.293493028850641e-07  4.834443929711494e-06  2.062211963460778e-06
4.221869594577307e-07  4.835215144925851e-06  2.0627068848729e-06
4.149978720669942e-07  4.836021642077132e-06  2.063221247909446e-06
4.07779075291043e-07  4.836865010531906e-06  2.063756263926317e-06
4.005269723579009e-07  4.837746707190902e-06  2.064313140923643e-06
3.932372855837981e-07  4.838667930397512e-06  2.064893021266436e-06
3.859050355096641e-07  4.839629469209837e-06  2.065496903268364e-06
3.785245614244611e-07  4.840631532963594e-06  2.066125547955966e-06
3.7108959592991e-07  4.841673570761759e-06  2.066779374849572e-06
3.635934038927579e-07  4.84275409577034e-06  2.067458353637505e-06
3.560289908939828e-07  4.843870534038821e-06  2.068161901747975e-06
3.48389377959694e-07  4.8450191206495e-06  2.068888800334153e-06
3.4066792863272e-07  4.846194865820387e-06  2.069637142203494e-06
3.328587030475488e-07  4.847391608937488e-06  2.070404323919924e-06
3.249568042221559e-07  4.848602169068742e-06  2.071187090252597e-06
3.169586771599759e-07  4.849818587377278e-06  2.071981632607054e-06
3.088623237259465e-07  4.851032442488279e-06  2.072783735155948e-06
3.006674060895691e-07  4.852235207618412e-06  2.07358895482634e-06
2.923752271157597e-07  4.853418611306095e-06  2.074392815961482e-06
2.839885939316594e-07  4.854574963714479e-06  2.075190998696879e-06
2.755115868393628e-07  4.855697417536747e-06  2.07597950220871e-06
2.669492663562303e-07  4.856780144434762e-06  2.07675476925083e-06
2.58307354801847e-07  4.85781842153765e-06  2.07751376528239e-06
2.495919259082893e-07  4.858808634721523e-06  2.078254012307455e-06
2.408091283355034e-07  4.859748214051794e-06  2.078973582961358e-06
2.319649592794592e-07  4.860635521100103e-06  2.079671063696568e-06
2.230650948853955e-07  4.861469708237298e-06  2.080345497110865e-06
2.141147764837723e-07  4.862250567556683e-06  2.08099631295072e-06
2.051187464362265e-07  4.862978383105184e-06  2.081623255740513e-06
1.960812245833622e-07  4.863653795728154e-06  2.082226314942433e-06
1.87005915467219e-07  4.864277685846715e-06  2.082805661506966e-06
1.778960370413843e-07  4.864851076294461e-06  2.083361592912688e-06
1.687543628928069e-07  4.86537505505892e-06  2.083894487439455e-06
1.595832716187505e-07  4.865850716330749e-06  2.084404767480719e-06
1.503847986179588e-07  4.866279117497579e-06  2.084892871124016e-06
1.411606869890735e-07  4.866661249443776e-06  2.085359230932882e-06
1.319124354042803e-07  4.866998017563342e-06  2.085804258766185e-06
1.226413417301879e-07  4.867290231125698e-06  2.086228335501425e-06
1.133485418259517e-07  4.867538598955535e-06  2.086631804632069e-06
1.040350434017787e-07  4.867743729733618e-06  2.087014968846654e-06
9.47017551138311e-08  4.867906135556242e-06  2.087378088843752e-06
8.534951124530027e-08  4.868026237686523e-06  2.087721383776668e-06
7.597909241259221e-08  4.868104373682458e-06  2.088045032846983e-06
6.659124276740971e-08  4.868140805294002e-06  2.088349177673395e-06
5.718668416052406e-08  4.868135726687376e-06  2.088633925151561e-06
4.776612770597895e-08  4.868089272684907e-06  2.088899350592853e-06
3.833028314556718e-08  4.868001526808363e-06  2.089145500987367e-06
2.887986636940043e-08  4.867872528988755e-06  2.089372398281165e-06
1.941560540348524e-08  4.86770228286083e-06  2.089580042592093e-06
9.938245132018036e-09  4.867490762600582e-06  2.089768415314461e-06
4.485509822225584e-10  4.867237919292901e-06  2.089937482082402e-06
-9.052688236060372e-09  4.866943686837042e-06  2.090087195576296e-06
-1.856465817476482e-08  4.866607987412165e-06  2.090217498167495e-06
-2.808651734113015e-08  4.866230736535199e-06  2.090328324404567e-06
-3.761739592795872e-08  4.86581184774983e-06  2.090419603350004e-06
-4.715639498728349e-08  4.865351236989366e-06  2.090491260780466e-06
-5.670258587046781e-08  4.864848826658398e-06  2.09054322126649e-06
-6.62550098718121e-08  4.864304549479299e-06  2.090575410149695e-06
-7.581267802489025e-08  4.863718352150159e-06  2.090587755437105e-06
-8.537457101143377e-08  4.863090198861155e-06  2.090580189633534e-06
-9.493963915196706e-08  4.86242007471682e-06  2.090552651534204e-06
-1.045068024559195e-07  4.861707989112367e-06  2.09050508800103e-06
-1.140749507169524e-07  4.860953979113253e-06  2.090437455747396e-06
-1.236429436471063e-07  4.860158112888502e-06  2.090349723157796e-06
-1.332096110514848e-07  4.859320493250093e-06  2.090241872170523e-06
-1.427737530539488e-07  4.85844126135282e-06  2.090113900253663e-06
-1.523341403941419e-07  4.857520600611519e-06  2.089965822507003e-06
-1.618895148275646e-07  4.856558740895449e-06  2.089797673925188e-06
-1.714385896738465e-07  4.855555963062674e-06  2.089609511860454e-06
-1.809800505743851e-07  4.854512603900557e-06  2.089401418726584e-06
-1.905125565397451e-07  4.853429061541367e-06  2.089173504989197e-06
-2.000347413903882e-07  4.852305801424049e-06  2.088925912490898e-06
-2.095452157223054e-07  4.851143362873533e-06  2.08865881816282e-06
-2.190425695629182e-07  4.849942366366317e-06  2.088372438176169e-06
-2.285253759232511e-07  4.848703521543966e-06  2.08806703258787e-06
-2.37992195500883e-07  4.847427636022505e-06  2.087742910532148e-06
-2.474415828454659e-07  4.846115625022655e-06  2.087400436003713e-06
-2.568720943652366e-07  4.844768521810088e-06  2.087040034266051e-06
-2.66282298628813e-07  4.84338748888181e-06  2.086662198897984e-06
-2.756707895003431e-07  4.841973829758999e-06  2.086267499459842e-06
-2.850362027344665e-07  4.840529001141245e-06  2.085856589713399e-06
-2.943772367444281e-07  4.839054625033916e-06  2.085430216262107e-06
-3.036926783317668e-07  4.837552500269984e-06  2.084989227384146e-06
-3.129814342132829e-07  4.836024612600519e-06  2.084534581703568e-06
-3.222425691766553e-07  4.834473142216001e-06  2.084067356177691e-06
-3.314753516063893e-07  4.832900467179685e-06  2.083588752666066e-06
-3.406793069011565e-07  4.831309160808827e-06  2.083100102085599e-06
-3.498542788941463e-07  4.829701980548784e-06  2.08260286485179e-06
-3.59000498721676e-07  4.828081845390782e-06  2.08209862597299e-06
-3.681186595908679e-07  4.826451798461952e-06  2.081589082836036e-06
-3.772099945154822e-07  4.824814951185102e-06  2.081076023454915e-06
-3.862763522985187e-07  4.823174405535396e-06  2.080561292837902e-06
-3.953202648957041e-07  4.821533151629646e-06  2.080046745284893e-06
-4.043449969754629e-07  4.819893939415348e-06  2.079534181004524e-06
-4.133545663538643e-07  4.818259125800122e-06  2.079025266594076e-06
-4.223537225885881e-07  4.816630502282512e-06  2.078521440768095e-06
-4.313478711084533e-07  4.815009112879677e-06  2.078023809260567e-06
-4.403429326463758e-07  4.813395077395091e-06  2.077533035876561e-06
-4.493451330780346e-07  4.811787439876372e-06  2.077049239789935e-06
-4.583607271842507e-07  4.810184065120726e-06  2.076571911662266e-06
-4.673956706343942e-07  4.808581605782742e-06  2.076099862113422e-06
-4.764552658680342e-07  4.806975557840752e-06  2.075631214689954e-06
-4.855438168945401e-07  4.805360412615082e-06  2.075163451337172e-06
-4.946643324599676e-07  4.803729900314032e-06  2.074693511778848e-06
-5.038183144243815e-07  4.802077305732353e-06  2.074217940272122e-06
-5.130056581473328e-07  4.800395824601324e-06  2.07373306568654e-06
-5.222246759601882e-07  4.798678922321134e-06  2.073235195611576e-06
-5.314722369516442e-07  4.796920657169096e-06  2.072720803540778e-06
-5.407440004704997e-07  4.795115937325755e-06  2.0721866904133e-06
-5.500347103396659e-07  4.793260693065815e-06  2.071630107127803e-06
-5.593385133582724e-07  4.791351959056531e-06  2.071048831552571e-06
-5.686492687915669e-07  4.789387873816568e-06  2.070441200348665e-06
-5.779608232492644e-07  4.787367611918748e-06  2.069806101277994e-06
-5.872672350737734e-07  4.785291268717084e-06  2.069142934917581e-06
-5.965629417995943e-07  4.783159717660807e-06  2.068451555830368e-06
-6.058428718695944e-07  4.780974457743721e-06  2.067732202689815e-06
-6.151025069450054e-07  4.778737464632815e-06  2.066985425250219e-06
-6.243379038714355e-07  4.776451054650367e-06  2.066212014002743e-06
-6.335456861301852e-07  4.774117766817191e-06  2.065412936317711e-06
-6.427230140315672e-07  4.771740265000485e-06  2.064589281123996e-06
-6.518675415799938e-07  4.769321259956213e-06  2.063742212834997e-06
-6.609773663173207e-07  4.766863449637445e-06  2.062872934304695e-06
-6.700509768387255e-07  4.764369475392139e-06  2.061982658030686e-06
-6.790872012483928e-07  4.761841891410674e-06  2.061072584532658e-06
-6.88085158655339e-07  4.759283144836831e-06  2.060143886742445e-06
-6.970442149132979e-07  4.756695564192034e-06  2.059197699275087e-06
-7.059639431573272e-07  4.754081354085149e-06  2.05823511155512e-06
-7.148440892424823e-07  4.751442594525319e-06  2.05725716391028e-06
-7.236845419019194e-07  4.74878124348514e-06  2.056264845891089e-06
-7.324853072719396e-07  4.74609914165585e-06  2.055259096214275e-06
-7.412464873451333e-07  4.743398018586905e-06  2.054240803852944e-06
-7.499682618827511e-07  4.740679499608424e-06  2.053210809903387e-06
-7.586508733234511e-07  4.737945113099828e-06  2.052169909947153e-06
-7.672946142531683e-07  4.735196297796797e-06  2.051118856698744e-06
-7.758998170399841e-07  4.732434409927462e-06  2.05005836278619e-06
-7.844668452818316e-07  4.729660730043108e-06  2.048989103556088e-06
-7.929960867593578e-07  4.726876469463813e-06  2.04791171982875e-06
-8.014879476286972e-07  4.724082776299537e-06  2.046826820554993e-06
-8.099428476278968e-07  4.721280741035917e-06  2.045734985345423e-06
-8.183612161056371e-07  4.718471401694132e-06  2.044636766857453e-06
-8.267434887115966e-07  4.715655748587999e-06  2.043532693035809e-06
-8.350901046144333e-07  4.712834728710699e-06  2.042423269209947e-06
-8.434015041362332e-07  4.710009249789485e-06  2.041308980057331e-06
-8.516781267117848e-07  4.707180184050409e-06  2.040190291445523e-06
-8.599204090976318e-07  4.704348371737302e-06  2.039067652168887e-06
-8.681287837699829e-07  4.701514624430452e-06  2.037941495597838e-06
-8.763036774626845e-07  4.69867972821111e-06  2.036812241260199e-06
-8.844455098070107e-07  4.695844446718435e-06  2.035680296375566e-06
-8.925546920444218e-07  4.693009524146025e-06  2.034546057364833e-06
-9.006316257920443e-07  4.690175688225927e-06  2.033409911358344e-06
-9.086767018487567e-07  4.687343653249188e-06  2.032272237727574e-06
-9.166902990376784e-07  4.684514123173623e-06  2.031133409666927e-06
-9.24672783088768e-07  4.681687794871516e-06  2.029993795854186e-06
-9.326245055734171e-07  4.678865361572401e-06  2.028853762220295e-06
-9.405458029118743e-07  4.676047516558563e-06  2.027713673861473e-06
-9.484369954848811e-07  4.673234957173507e-06  2.026573897129177e-06
-9.562983868940119e-07  4.670428389206214e-06  2.02543480193615e-06
-9.641302634316775e-07  4.667628531716725e-06  2.024296764319935e-06
-9.719328938419501e-07  4.664836122371213e-06  2.023160169308644e-06
-9.797065294775579e-07  4.662051923356606e-06  2.02202541413726e-06
-9.874514049870873e-07  4.659276727945073e-06  2.02089291186586e-06
-9.951677397005872e-07  4.656511367775894e-06  2.019763095453157e-06
-1.002855739922589e-06  4.653756720914926e-06  2.018636422339159e-06
-1.01051560239023e-06  4.651013720737977e-06  2.017513379588322e-06
-1.018147519211655e-06  4.648283365661323e-06  2.016394489638281e-06
-1.025751684666615e-06  4.64556672970681e-06  2.015280316686972e-06
-1.033328304327088e-06  4.64286497383588e-06  2.014171473730525e-06
-1.04087760703924e-06  4.640179357910733e-06  2.013068630232238e-06
-1.048399860396075e-06  4.637511253034524e-06  2.011972520355313e-06
-1.055895390416411e-06  4.634862153877752e-06  2.010883951623596e-06
-1.063364606220149e-06  4.632233690405504e-06  2.009803813779506e-06
-1.070808030535912e-06  4.629627638170701e-06  2.008733087479746e-06
-1.078226336870854e-06  4.627045926023954e-06  2.007672852300758e-06
-1.085620394079635e-06  4.624490639707384e-06  2.006624293311515e-06
-1.092991318844149e-06  4.621964019352563e-06  2.005588705208958e-06
