2461853
2461853.025
2461853.05
2461853.075
2461853.1
2461853.125
2461853.15
2461853.175
2461853.2
2461853.225
2461853.25
2461853.275
2461853.3
2461853.325
2461853.35
2461853.375
2461853.4
2461853.425
2461853.45
2461853.475
2461853.5
2461853.525
2461853.55
2461853.575
2461853.6
2461853.625
2461853.65
2461853.675
2461853.7
2461853.725
2461853.75
2461853.775
2461853.8
2461853.825
2461853.85
2461853.875
2461853.9
2461853.925
2461853.95
2461853.975
2461854
2461854.025
2461854.05
2461854.075
2461854.1
2461854.125
2461854.15
2461854.175
2461854.2
2461854.225
2461854.25
2461854.275
2461854.3
2461854.325
2461854.35
2461854.375
2461854.4
2461854.425
2461854.45
2461854.475
2461854.5
2461854.525
2461854.55
2461854.575
2461854.6
2461854.625
2461854.65
2461854.675
2461854.7
2461854.725
2461854.75
2461854.775
2461854.8
2461854.825
2461854.85
2461854.875
2461854.9
2461854.925
2461854.95
2461854.975
2461855
2461855.025
2461855.05
2461855.075
2461855.1
2461855.125
2461855.15
2461855.175
2461855.2
2461855.225
2461855.25
2461855.275
2461855.3
2461855.325
2461855.35
2461855.375
2461855.4
2461855.425
2461855.45
2461855.475
2461855.5
2461855.525
2461855.55
2461855.575
2461855.6
2461855.625
2461855.65
2461855.675
2461855.7
2461855.725
2461855.75
2461855.775
2461855.8
2461855.825
2461855.85
2461855.875
2461855.9
2461855.925
2461855.95
2461855.975
2461856
2461856.025
2461856.05
2461856.075
2461856.1
2461856.125
2461856.15
2461856.175
2461856.2
2461856.225
2461856.25
2461856.275
2461856.3
2461856.325
2461856.35
2461856.375
2461856.4
2461856.425
2461856.45
2461856.475
2461856.5
2461856.525
2461856.55
2461856.575
2461856.6
2461856.625
2461856.65
2461856.675
2461856.7
2461856.725
2461856.75
2461856.775
2461856.8
2461856.825
2461856.85
2461856.875
2461856.9
2461856.925
2461856.95
2461856.975
2461857
2461857.025
2461857.05
2461857.075
2461857.1
2461857.125
2461857.15
2461857.175
2461857.2
2461857.225
2461857.25
2461857.275
2461857.3
2461857.325
2461857.35
2461857.375
2461857.4
2461857.425
2461857.45
2461857.475
2461857.5
2461857.525
2461857.55
2461857.575
2461857.6
2461857.625
2461857.65
2461857.675
2461857.7
2461857.725
2461857.75
2461857.775
2461857.8
2461857.825
2461857.85
2461857.875
2461857.9
2461857.925
2461857.95
2461857.975
2461858
2461858.025
2461858.05
2461858.075
2461858.1
2461858.125
2461858.15
2461858.175
2461858.2
2461858.225
2461858.25
2461858.275
2461858.3
2461858.325
2461858.35
2461858.375
2461858.4
2461858.425
2461858.45
2461858.475
2461858.5
2461858.525
2461858.55
2461858.575
2461858.6
2461858.625
2461858.65
2461858.675
2461858.7
2461858.725
2461858.75
2461858.775
2461858.8
2461858.825
2461858.85
2461858.875
2461858.9
2461858.925
2461858.95
2461858.975
2461859
2461859.025
2461859.05
2461859.075
2461859.1
2461859.125
2461859.15
2461859.175
2461859.2
2461859.225
2461859.25
2461859.275
2461859.3
2461859.325
2461859.35
2461859.375
2461859.4
2461859.425
2461859.45
2461859.475
2461859.5
2461859.525
2461859.55
2461859.575
2461859.6
2461859.625
2461859.65
2461859.675
2461859.7
2461859.725
2461859.75
2461859.775
2461859.8
2461859.825
2461859.85
2461859.875
2461859.9
2461859.925
2461859.95
2461859.975
2461860
2461860.025
2461860.05
2461860.075
2461860.1
2461860.125
2461860.15
2461860.175
2461860.2
2461860.225
2461860.25
2461860.275
2461860.3
2461860.325
2461860.35
2461860.375
2461860.4
2461860.425
2461860.45
2461860.475
2461860.5
2461860.525
2461860.55
2461860.575
2461860.6
2461860.625
2461860.65
2461860.675
2461860.7
2461860.725
2461860.75
2461860.775
2461860.8
2461860.825
2461860.85
2461860.875
2461860.9
2461860.925
2461860.95
2461860.975
2461861
2461861.025
2461861.05
2461861.075
2461861.1
2461861.125
2461861.15
2461861.175
2461861.2
2461861.225
2461861.25
2461861.275
2461861.3
2461861.325
2461861.35
2461861.375
2461861.4
2461861.425
2461861.45
2461861.475
2461861.5
2461861.525
2461861.55
2461861.575
2461861.6
2461861.625
2461861.65
2461861.675
2461861.7
2461861.725
2461861.75
2461861.775
2461861.8
2461861.825
2461861.85
2461861.875
2461861.9
2461861.925
2461861.95
2461861.975
2461862
2461862.025
2461862.05
2461862.075
2461862.1
2461862.125
2461862.15
2461862.175
2461862.2
2461862.225
2461862.25
2461862.275
2461862.3
2461862.325
2461862.35
2461862.375
2461862.4
2461862.425
2461862.45
2461862.475
2461862.5
2461862.525
2461862.55
2461862.575
2461862.6
2461862.625
2461862.65
2461862.675
2461862.7
2461862.725
2461862.75
2461862.775
2461862.8
2461862.825
2461862.85
2461862.875
2461862.9
2461862.925
2461862.95
2461862.975
2461863
2461863.025
2461863.05
2461863.075
2461863.1
2461863.125
2461863.15
2461863.175
2461863.2
2461863.225
2461863.25
2461863.275
2461863.3
2461863.325
2461863.35
2461863.375
2461863.4
2461863.425
2461863.45
2461863.475
2461863.5
2461863.525
2461863.55
2461863.575
2461863.6
2461863.625
2461863.65
2461863.675
2461863.7
2461863.725
2461863.75
2461863.775
2461863.8
2461863.825
2461863.85
2461863.875
2461863.9
2461863.925
2461863.95
2461863.975
2461864
2461864.025
2461864.05
2461864.075
2461864.1
2461864.125
2461864.15
2461864.175
2461864.2
2461864.225
2461864.25
2461864.275
2461864.3
2461864.325
2461864.35
2461864.375
2461864.4
2461864.425
2461864.45
2461864.475
2461864.5
2461864.525
2461864.55
2461864.575
2461864.6
2461864.625
2461864.65
2461864.675
2461864.7
2461864.725
2461864.75
2461864.775
2461864.8
2461864.825
2461864.85
2461864.875
2461864.9
2461864.925
2461864.95
2461864.975
2461865
2461865.025
2461865.05
2461865.075
2461865.1
2461865.125
2461865.15
2461865.175
2461865.2
2461865.225
2461865.25
2461865.275
2461865.3
2461865.325
2461865.35
2461865.375
2461865.4
2461865.425
2461865.45
2461865.475
2461865.5
2461865.525
2461865.55
2461865.575
2461865.6
2461865.625
2461865.65
2461865.675
2461865.7
2461865.725
2461865.75
2461865.775
2461865.8
2461865.825
2461865.85
2461865.875
2461865.9
2461865.925
2461865.95
2461865.975
2461866
2461866.025
2461866.05
2461866.075
2461866.1
2461866.125
2461866.15
2461866.175
2461866.2
2461866.225
2461866.25
2461866.275
2461866.3
2461866.325
2461866.35
2461866.375
2461866.4
2461866.425
2461866.45
2461866.475
2461866.5
2461866.525
2461866.55
2461866.575
2461866.6
2461866.625
2461866.65
2461866.675
2461866.7
2461866.725
2461866.75
2461866.775
2461866.8
2461866.825
2461866.85
2461866.875
2461866.9
2461866.925
2461866.95
2461866.975
2461867
2461867.025
2461867.05
2461867.075
2461867.1
2461867.125
2461867.15
2461867.175
2461867.2
2461867.225
2461867.25
2461867.275
2461867.3
2461867.325
2461867.35
2461867.375
2461867.4
2461867.425
2461867.45
2461867.475
2461867.5
2461867.525
2461867.55
2461867.575
2461867.6
2461867.625
2461867.65
2461867.675
2461867.7
2461867.725
2461867.75
2461867.775
2461867.8
2461867.825
2461867.85
2461867.875
2461867.9
2461867.925
2461867.95
2461867.975
2461868
2461868.025
2461868.05
2461868.075
2461868.1
2461868.125
2461868.15
2461868.175
2461868.2
2461868.225
2461868.25
2461868.275
2461868.3
2461868.325
2461868.35
2461868.375
2461868.4
2461868.425
2461868.45
2461868.475
2461868.5
2461868.525
2461868.55
2461868.575
2461868.6
2461868.625
2461868.65
2461868.675
2461868.7
2461868.725
2461868.75
2461868.775
2461868.8
2461868.825
2461868.85
2461868.875
2461868.9
2461868.925
2461868.95
2461868.975
2461869
2461869.025
2461869.05
2461869.075
2461869.1
2461869.125
2461869.15
2461869.175
2461869.2
2461869.225
2461869.25
2461869.275
2461869.3
2461869.325
2461869.35
2461869.375
2461869.4
2461869.425
2461869.45
2461869.475
2461869.5
2461869.525
2461869.55
2461869.575
2461869.6
2461869.625
2461869.65
2461869.675
2461869.7
2461869.725
2461869.75
2461869.775
2461869.8
2461869.825
2461869.85
2461869.875
2461869.9
2461869.925
2461869.95
2461869.975
2461870
2461870.025
2461870.05
2461870.075
2461870.1
2461870.125
2461870.15
2461870.175
2461870.2
2461870.225
2461870.25
2461870.275
2461870.3
2461870.325
2461870.35
2461870.375
2461870.4
2461870.425
2461870.45
2461870.475
2461870.5
2461870.525
2461870.55
2461870.575
2461870.6
2461870.625
2461870.65
2461870.675
2461870.7
2461870.725
2461870.75
2461870.775
2461870.8
2461870.825
2461870.85
2461870.875
2461870.9
2461870.925
2461870.95
2461870.975
2461871
2461871.025
2461871.05
2461871.075
2461871.1
2461871.125
2461871.15
2461871.175
2461871.2
2461871.225
2461871.25
2461871.275
2461871.3
2461871.325
2461871.35
2461871.375
2461871.4
2461871.425
2461871.45
2461871.475
2461871.5
2461871.525
2461871.55
2461871.575
2461871.6
2461871.625
2461871.65
2461871.675
2461871.7
2461871.725
2461871.75
2461871.775
2461871.8
2461871.825
2461871.85
2461871.875
2461871.9
2461871.925
2461871.95
2461871.975
2461872
2461872.025
2461872.05
2461872.075
2461872.1
2461872.125
2461872.15
2461872.175
2461872.2
2461872.225
2461872.25
2461872.275
2461872.3
2461872.325
2461872.35
2461872.375
2461872.4
2461872.425
2461872.45
2461872.475
2461872.5
2461872.525
2461872.55
2461872.575
2461872.6
2461872.625
2461872.65
2461872.675
2461872.7
2461872.725
2461872.75
2461872.775
2461872.8
2461872.825
2461872.85
2461872.875
2461872.9
2461872.925
2461872.95
2461872.975
2461873
2461873.025
2461873.05
2461873.075
2461873.1
2461873.125
2461873.15
2461873.175
2461873.2
2461873.225
2461873.25
2461873.275
2461873.3
2461873.325
2461873.35
2461873.375
2461873.4
2461873.425
2461873.45
2461873.475
2461873.5
2461873.525
2461873.55
2461873.575
2461873.6
2461873.625
2461873.65
2461873.675
2461873.7
2461873.725
2461873.75
2461873.775
2461873.8
2461873.825
2461873.85
2461873.875
2461873.9
2461873.925
2461873.95
2461873.975
2461874
2461874.025
2461874.05
2461874.075
2461874.1
2461874.125
2461874.15
2461874.175
2461874.2
2461874.225
2461874.25
2461874.275
2461874.3
2461874.325
2461874.35
2461874.375
2461874.4
2461874.425
2461874.45
2461874.475
2461874.5
2461874.525
2461874.55
2461874.575
2461874.6
2461874.625
2461874.65
2461874.675
2461874.7
2461874.725
2461874.75
2461874.775
2461874.8
2461874.825
2461874.85
2461874.875
2461874.9
2461874.925
2461874.95
2461874.975
2461875
2461875.025
2461875.05
2461875.075
2461875.1
2461875.125
2461875.15
2461875.175
2461875.2
2461875.225
2461875.25
2461875.275
2461875.3
2461875.325
2461875.35
2461875.375
2461875.4
2461875.425
2461875.45
2461875.475
2461875.5
2461875.525
2461875.55
2461875.575
2461875.6
2461875.625
2461875.65
2461875.675
2461875.7
2461875.725
2461875.75
2461875.775
2461875.8
2461875.825
2461875.85
2461875.875
2461875.9
2461875.925
2461875.95
2461875.975
2461876
2461876.025
2461876.05
2461876.075
2461876.1
2461876.125
2461876.15
2461876.175
2461876.2
2461876.225
2461876.25
2461876.275
2461876.3
2461876.325
2461876.35
2461876.375
2461876.4
2461876.425
2461876.45
2461876.475
2461876.5
2461876.525
2461876.55
2461876.575
2461876.6
2461876.625
2461876.65
2461876.675
2461876.7
2461876.725
2461876.75
2461876.775
2461876.8
2461876.825
2461876.85
2461876.875
2461876.9
2461876.925
2461876.95
2461876.975
2461877
2461877.025
2461877.05
2461877.075
2461877.1
2461877.125
2461877.15
2461877.175
2461877.2
2461877.225
2461877.25
2461877.275
2461877.3
2461877.325
2461877.35
2461877.375
2461877.4
2461877.425
2461877.45
2461877.475
2461877.5
2461877.525
2461877.55
2461877.575
2461877.6
2461877.625
2461877.65
2461877.675
2461877.7
2461877.725
2461877.75
2461877.775
2461877.8
2461877.825
2461877.85
2461877.875
2461877.9
2461877.925
2461877.95
2461877.975
2461878
2461878.025
2461878.05
2461878.075
2461878.1
2461878.125
2461878.15
2461878.175
2461878.2
2461878.225
2461878.25
2461878.275
2461878.3
2461878.325
2461878.35
2461878.375
2461878.4
2461878.425
2461878.45
2461878.475
2461878.5
2461878.525
2461878.55
2461878.575
2461878.6
2461878.625
2461878.65
2461878.675
2461878.7
2461878.725
2461878.75
2461878.775
2461878.8
2461878.825
2461878.85
2461878.875
2461878.9
2461878.925
2461878.95
2461878.975
2461879
2461879.025
2461879.05
2461879.075
2461879.1
2461879.125
2461879.15
2461879.175
2461879.2
2461879.225
2461879.25
2461879.275
2461879.3
2461879.325
2461879.35
2461879.375
2461879.4
2461879.425
2461879.45
2461879.475
2461879.5
2461879.525
2461879.55
2461879.575
2461879.6
2461879.625
2461879.65
2461879.675
2461879.7
2461879.725
2461879.75
2461879.775
2461879.8
2461879.825
2461879.85
2461879.875
2461879.9
2461879.925
2461879.95
2461879.975
2461880
2461880.025
2461880.05
2461880.075
2461880.1
2461880.125
2461880.15
2461880.175
2461880.2
2461880.225
2461880.25
2461880.275
2461880.3
2461880.325
2461880.35
2461880.375
2461880.4
2461880.425
2461880.45
2461880.475
2461880.5
2461880.525
2461880.55
2461880.575
2461880.6
2461880.625
2461880.65
2461880.675
2461880.7
2461880.725
2461880.75
2461880.775
2461880.8
2461880.825
2461880.85
2461880.875
2461880.9
2461880.925
2461880.95
2461880.975
2461881
2461881.025
2461881.05
2461881.075
2461881.1
2461881.125
2461881.15
2461881.175
2461881.2
2461881.225
2461881.25
2461881.275
2461881.3
2461881.325
2461881.35
2461881.375
2461881.4
2461881.425
2461881.45
2461881.475
2461881.5
2461881.525
2461881.55
2461881.575
2461881.6
2461881.625
2461881.65
2461881.675
2461881.7
2461881.725
2461881.75
2461881.775
2461881.8
2461881.825
2461881.85
2461881.875
2461881.9
2461881.925
2461881.95
2461881.975
2461882
2461882.025
2461882.05
2461882.075
2461882.1
2461882.125
2461882.15
2461882.175
2461882.2
2461882.225
2461882.25
2461882.275
2461882.3
2461882.325
2461882.35
2461882.375
2461882.4
2461882.425
2461882.45
2461882.475
2461882.5
2461882.525
2461882.55
2461882.575
2461882.6
2461882.625
2461882.65
2461882.675
2461882.7
2461882.725
2461882.75
2461882.775
2461882.8
2461882.825
2461882.85
2461882.875
2461882.9
2461882.925
2461882.95
2461882.975
2461883
2461883.025
2461883.05
2461883.075
2461883.1
2461883.125
2461883.15
2461883.175
2461883.2
2461883.225
2461883.25
2461883.275
2461883.3
2461883.325
2461883.35
2461883.375
2461883.4
2461883.425
2461883.45
2461883.475
2461883.5
2461883.525
2461883.55
2461883.575
2461883.6
2461883.625
2461883.65
2461883.675
2461883.7
2461883.725
2461883.75
2461883.775
2461883.8
2461883.825
2461883.85
2461883.875
2461883.9
2461883.925
2461883.95
2461883.975
2461884
2461884.025
2461884.05
2461884.075
2461884.1
2461884.125
2461884.15
2461884.175
2461884.2
2461884.225
2461884.25
2461884.275
2461884.3
2461884.325
2461884.35
2461884.375
2461884.4
2461884.425
2461884.45
2461884.475
2461884.5
2461884.525
2461884.55
2461884.575
2461884.6
2461884.625
2461884.65
2461884.675
2461884.7
2461884.725
2461884.75
2461884.775
2461884.8
2461884.825
2461884.85
2461884.875
2461884.9
2461884.925
2461884.95
2461884.975
2461885
2461885.025
2461885.05
2461885.075
2461885.1
2461885.125
2461885.15
2461885.175
2461885.2
2461885.225
2461885.25
2461885.275
2461885.3
2461885.325
2461885.35
2461885.375
2461885.4
2461885.425
2461885.45
2461885.475
2461885.5
2461885.525
2461885.55
2461885.575
2461885.6
2461885.625
2461885.65
2461885.675
2461885.7
2461885.725
2461885.75
2461885.775
2461885.8
2461885.825
2461885.85
2461885.875
2461885.9
2461885.925
2461885.95
2461885.975
2461886
2461886.025
2461886.05
2461886.075
2461886.1
2461886.125
2461886.15
2461886.175
2461886.2
2461886.225
2461886.25
2461886.275
2461886.3
2461886.325
2461886.35
2461886.375
2461886.4
2461886.425
2461886.45
2461886.475
2461886.5
2461886.525
2461886.55
2461886.575
2461886.6
2461886.625
2461886.65
2461886.675
2461886.7
2461886.725
2461886.75
2461886.775
2461886.8
2461886.825
2461886.85
2461886.875
2461886.9
2461886.925
2461886.95
2461886.975
2461887
2461887.025
2461887.05
2461887.075
2461887.1
2461887.125
2461887.15
2461887.175
2461887.2
2461887.225
2461887.25
2461887.275
2461887.3
2461887.325
2461887.35
2461887.375
2461887.4
2461887.425
2461887.45
2461887.475
2461887.5
2461887.525
2461887.55
2461887.575
2461887.6
2461887.625
2461887.65
2461887.675
2461887.7
2461887.725
2461887.75
2461887.775
2461887.8
2461887.825
2461887.85
2461887.875
2461887.9
2461887.925
2461887.95
2461887.975
2461888
2461888.025
2461888.05
2461888.075
2461888.1
2461888.125
2461888.15
2461888.175
2461888.2
2461888.225
2461888.25
2461888.275
2461888.3
2461888.325
2461888.35
2461888.375
2461888.4
2461888.425
2461888.45
2461888.475
2461888.5
2461888.525
2461888.55
2461888.575
2461888.6
2461888.625
2461888.65
2461888.675
2461888.7
2461888.725
2461888.75
2461888.775
2461888.8
2461888.825
2461888.85
2461888.875
2461888.9
2461888.925
2461888.95
2461888.975
2461889
2461889.025
2461889.05
2461889.075
2461889.1
2461889.125
2461889.15
2461889.175
2461889.2
2461889.225
2461889.25
2461889.275
2461889.3
2461889.325
2461889.35
2461889.375
2461889.4
2461889.425
2461889.45
2461889.475
2461889.5
2461889.525
2461889.55
2461889.575
2461889.6
2461889.625
2461889.65
2461889.675
2461889.7
2461889.725
2461889.75
2461889.775
2461889.8
2461889.825
2461889.85
2461889.875
2461889.9
2461889.925
2461889.95
2461889.975
2461890
2461890.025
2461890.05
2461890.075
2461890.1
2461890.125
2461890.15
2461890.175
2461890.2
2461890.225
2461890.25
2461890.275
2461890.3
2461890.325
2461890.35
2461890.375
2461890.4
2461890.425
2461890.45
2461890.475
2461890.5
2461890.525
2461890.55
2461890.575
2461890.6
2461890.625
2461890.65
2461890.675
2461890.7
2461890.725
2461890.75
2461890.775
2461890.8
2461890.825
2461890.85
2461890.875
2461890.9
2461890.925
2461890.95
2461890.975
2461891
2461891.025
2461891.05
2461891.075
2461891.1
2461891.125
2461891.15
2461891.175
2461891.2
2461891.225
2461891.25
2461891.275
2461891.3
2461891.325
2461891.35
2461891.375
2461891.4
2461891.425
2461891.45
2461891.475
2461891.5
2461891.525
2461891.55
2461891.575
2461891.6
2461891.625
2461891.65
2461891.675
2461891.7
2461891.725
2461891.75
2461891.775
2461891.8
2461891.825
2461891.85
2461891.875
2461891.9
2461891.925
2461891.95
2461891.975
2461892
2461892.025
2461892.05
2461892.075
2461892.1
2461892.125
2461892.15
2461892.175
2461892.2
2461892.225
2461892.25
2461892.275
2461892.3
2461892.325
2461892.35
2461892.375
2461892.4
2461892.425
2461892.45
2461892.475
2461892.5
2461892.525
2461892.55
2461892.575
2461892.6
2461892.625
2461892.65
2461892.675
2461892.7
2461892.725
2461892.75
2461892.775
2461892.8
2461892.825
2461892.85
2461892.875
2461892.9
2461892.925
2461892.95
2461892.975
2461893
2461893.025
2461893.05
2461893.075
2461893.1
2461893.125
2461893.15
2461893.175
2461893.2
2461893.225
2461893.25
2461893.275
2461893.3
2461893.325
2461893.35
2461893.375
2461893.4
2461893.425
2461893.45
2461893.475
2461893.5
2461893.525
2461893.55
2461893.575
2461893.6
2461893.625
2461893.65
2461893.675
2461893.7
2461893.725
2461893.75
2461893.775
2461893.8
2461893.825
2461893.85
2461893.875
2461893.9
2461893.925
2461893.95
2461893.975
2461894
2461894.025
2461894.05
2461894.075
2461894.1
2461894.125
2461894.15
2461894.175
2461894.2
2461894.225
2461894.25
2461894.275
2461894.3
2461894.325
2461894.35
2461894.375
2461894.4
2461894.425
2461894.45
2461894.475
2461894.5
2461894.525
2461894.55
2461894.575
2461894.6
2461894.625
2461894.65
2461894.675
2461894.7
2461894.725
2461894.75
2461894.775
2461894.8
2461894.825
2461894.85
2461894.875
2461894.9
2461894.925
2461894.95
2461894.975
2461895
2461895.025
2461895.05
2461895.075
2461895.1
2461895.125
2461895.15
2461895.175
2461895.2
2461895.225
2461895.25
2461895.275
2461895.3
2461895.325
2461895.35
2461895.375
2461895.4
2461895.425
2461895.45
2461895.475
2461895.5
2461895.525
2461895.55
2461895.575
2461895.6
2461895.625
2461895.65
2461895.675
2461895.7
2461895.725
2461895.75
2461895.775
2461895.8
2461895.825
2461895.85
2461895.875
2461895.9
2461895.925
2461895.95
2461895.975
2461896
2461896.025
2461896.05
2461896.075
2461896.1
2461896.125
2461896.15
2461896.175
2461896.2
2461896.225
2461896.25
2461896.275
2461896.3
2461896.325
2461896.35
2461896.375
2461896.4
2461896.425
2461896.45
2461896.475
2461896.5
2461896.525
2461896.55
2461896.575
2461896.6
2461896.625
2461896.65
2461896.675
2461896.7
2461896.725
2461896.75
2461896.775
2461896.8
2461896.825
2461896.85
2461896.875
2461896.9
2461896.925
2461896.95
2461896.975
2461897
2461897.025
2461897.05
2461897.075
2461897.1
2461897.125
2461897.15
2461897.175
2461897.2
2461897.225
2461897.25
2461897.275
2461897.3
2461897.325
2461897.35
2461897.375
2461897.4
2461897.425
2461897.45
2461897.475
2461897.5
2461897.525
2461897.55
2461897.575
2461897.6
2461897.625
2461897.65
2461897.675
2461897.7
2461897.725
2461897.75
2461897.775
2461897.8
2461897.825
2461897.85
2461897.875
2461897.9
2461897.925
2461897.95
2461897.975
2461898
2461898.025
2461898.05
2461898.075
2461898.1
2461898.125
2461898.15
2461898.175
2461898.2
2461898.225
2461898.25
2461898.275
2461898.3
2461898.325
2461898.35
2461898.375
2461898.4
2461898.425
2461898.45
2461898.475
2461898.5
2461898.525
2461898.55
2461898.575
2461898.6
2461898.625
2461898.65
2461898.675
2461898.7
2461898.725
2461898.75
2461898.775
2461898.8
2461898.825
2461898.85
2461898.875
2461898.9
2461898.925
2461898.95
2461898.975
2461899
2461899.025
2461899.05
2461899.075
2461899.1
2461899.125
2461899.15
2461899.175
2461899.2
2461899.225
2461899.25
2461899.275
2461899.3
2461899.325
2461899.35
2461899.375
2461899.4
2461899.425
2461899.45
2461899.475
2461899.5
2461899.525
2461899.55
2461899.575
2461899.6
2461899.625
2461899.65
2461899.675
2461899.7
2461899.725
2461899.75
2461899.775
2461899.8
2461899.825
2461899.85
2461899.875
2461899.9
2461899.925
2461899.95
2461899.975
2461900
2461900.025
2461900.05
2461900.075
2461900.1
2461900.125
2461900.15
2461900.175
2461900.2
2461900.225
2461900.25
2461900.275
2461900.3
2461900.325
2461900.35
2461900.375
2461900.4
2461900.425
2461900.45
2461900.475
2461900.5
2461900.525
2461900.55
2461900.575
2461900.6
2461900.625
2461900.65
2461900.675
2461900.7
2461900.725
2461900.75
2461900.775
2461900.8
2461900.825
2461900.85
2461900.875
2461900.9
2461900.925
2461900.95
2461900.975
2461901
2461901.025
2461901.05
2461901.075
2461901.1
2461901.125
2461901.15
2461901.175
2461901.2
2461901.225
2461901.25
2461901.275
2461901.3
2461901.325
2461901.35
2461901.375
2461901.4
2461901.425
2461901.45
2461901.475
2461901.5
2461901.525
2461901.55
2461901.575
2461901.6
2461901.625
2461901.65
2461901.675
2461901.7
2461901.725
2461901.75
2461901.775
2461901.8
2461901.825
2461901.85
2461901.875
2461901.9
2461901.925
2461901.95
2461901.975
2461902
2461902.025
2461902.05
2461902.075
2461902.1
2461902.125
2461902.15
2461902.175
2461902.2
2461902.225
2461902.25
2461902.275
2461902.3
2461902.325
2461902.35
2461902.375
2461902.4
2461902.425
2461902.45
2461902.475
2461902.5
2461902.525
2461902.55
2461902.575
2461902.6
2461902.625
2461902.65
2461902.675
2461902.7
2461902.725
2461902.75
2461902.775
2461902.8
2461902.825
2461902.85
2461902.875
2461902.9
2461902.925
2461902.95
2461902.975
2461903
2461903.025
2461903.05
2461903.075
2461903.1
2461903.125
2461903.15
2461903.175
2461903.2
2461903.225
2461903.25
2461903.275
2461903.3
2461903.325
2461903.35
2461903.375
2461903.4
2461903.425
2461903.45
2461903.475
2461903.5
2461903.525
2461903.55
2461903.575
2461903.6
2461903.625
2461903.65
2461903.675
2461903.7
2461903.725
2461903.75
2461903.775
2461903.8
2461903.825
2461903.85
2461903.875
2461903.9
2461903.925
2461903.95
2461903.975
2461904
2461904.025
2461904.05
2461904.075
2461904.1
2461904.125
2461904.15
2461904.175
2461904.2
2461904.225
2461904.25
2461904.275
2461904.3
2461904.325
2461904.35
2461904.375
2461904.4
2461904.425
2461904.45
2461904.475
2461904.5
2461904.525
2461904.55
2461904.575
2461904.6
2461904.625
2461904.65
2461904.675
2461904.7
2461904.725
2461904.75
2461904.775
2461904.8
2461904.825
2461904.85
2461904.875
2461904.9
2461904.925
2461904.95
2461904.975
2461905
2461905.025
2461905.05
2461905.075
2461905.1
2461905.125
2461905.15
2461905.175
2461905.2
2461905.225
2461905.25
2461905.275
2461905.3
2461905.325
2461905.35
2461905.375
2461905.4
2461905.425
2461905.45
2461905.475
2461905.5
2461905.525
2461905.55
2461905.575
2461905.6
2461905.625
2461905.65
2461905.675
2461905.7
2461905.725
2461905.75
2461905.775
2461905.8
2461905.825
2461905.85
2461905.875
2461905.9
2461905.925
2461905.95
2461905.975
2461906
2461906.025
2461906.05
2461906.075
2461906.1
2461906.125
2461906.15
2461906.175
2461906.2
2461906.225
2461906.25
2461906.275
2461906.3
2461906.325
2461906.35
2461906.375
2461906.4
2461906.425
2461906.45
2461906.475
2461906.5
2461906.525
2461906.55
2461906.575
2461906.6
2461906.625
2461906.65
2461906.675
2461906.7
2461906.725
2461906.75
2461906.775
2461906.8
2461906.825
2461906.85
2461906.875
2461906.9
2461906.925
2461906.95
2461906.975
2461907
2461907.025
2461907.05
2461907.075
2461907.1
2461907.125
2461907.15
2461907.175
2461907.2
2461907.225
2461907.25
2461907.275
2461907.3
2461907.325
2461907.35
2461907.375
2461907.4
2461907.425
2461907.45
2461907.475
2461907.5
2461907.525
2461907.55
2461907.575
2461907.6
2461907.625
2461907.65
2461907.675
2461907.7
2461907.725
2461907.75
2461907.775
2461907.8
2461907.825
2461907.85
2461907.875
2461907.9
2461907.925
2461907.95
2461907.975
2461908
2461908.025
2461908.05
2461908.075
2461908.1
2461908.125
2461908.15
2461908.175
2461908.2
2461908.225
2461908.25
2461908.275
2461908.3
2461908.325
2461908.35
2461908.375
2461908.4
2461908.425
2461908.45
2461908.475
2461908.5
2461908.525
2461908.55
2461908.575
2461908.6
2461908.625
2461908.65
2461908.675
2461908.7
2461908.725
2461908.75
2461908.775
2461908.8
2461908.825
2461908.85
2461908.875
2461908.9
2461908.925
2461908.95
2461908.975
2461909
2461909.025
2461909.05
2461909.075
2461909.1
2461909.125
2461909.15
2461909.175
2461909.2
2461909.225
2461909.25
2461909.275
2461909.3
2461909.325
2461909.35
2461909.375
2461909.4
2461909.425
2461909.45
2461909.475
2461909.5
2461909.525
2461909.55
2461909.575
2461909.6
2461909.625
2461909.65
2461909.675
2461909.7
2461909.725
2461909.75
2461909.775
2461909.8
2461909.825
2461909.85
2461909.875
2461909.9
2461909.925
2461909.95
2461909.975
2461910
2461910.025
2461910.05
2461910.075
2461910.1
2461910.125
2461910.15
2461910.175
2461910.2
2461910.225
2461910.25
2461910.275
2461910.3
2461910.325
2461910.35
2461910.375
2461910.4
2461910.425
2461910.45
2461910.475
2461910.5
2461910.525
2461910.55
2461910.575
2461910.6
2461910.625
2461910.65
2461910.675
2461910.7
2461910.725
2461910.75
2461910.775
2461910.8
2461910.825
2461910.85
2461910.875
2461910.9
2461910.925
2461910.95
2461910.975
2461911
2461911.025
2461911.05
2461911.075
2461911.1
2461911.125
2461911.15
2461911.175
2461911.2
2461911.225
2461911.25
2461911.275
2461911.3
2461911.325
2461911.35
2461911.375
2461911.4
2461911.425
2461911.45
2461911.475
2461911.5
2461911.525
2461911.55
2461911.575
2461911.6
2461911.625
2461911.65
2461911.675
2461911.7
2461911.725
2461911.75
2461911.775
2461911.8
2461911.825
2461911.85
2461911.875
2461911.9
2461911.925
2461911.95
2461911.975
2461912
2461912.025
2461912.05
2461912.075
2461912.1
2461912.125
2461912.15
2461912.175
2461912.2
2461912.225
2461912.25
2461912.275
2461912.3
2461912.325
2461912.35
2461912.375
2461912.4
2461912.425
2461912.45
2461912.475
2461912.5
2461912.525
2461912.55
2461912.575
2461912.6
2461912.625
2461912.65
2461912.675
2461912.7
2461912.725
2461912.75
2461912.775
2461912.8
2461912.825
2461912.85
2461912.875
2461912.9
2461912.925
2461912.95
2461912.975
2461913
2461913.025
2461913.05
2461913.075
2461913.1
2461913.125
2461913.15
2461913.175
2461913.2
2461913.225
2461913.25
2461913.275
2461913.3
2461913.325
2461913.35
2461913.375
2461913.4
2461913.425
2461913.45
2461913.475
2461913.5
2461913.525
2461913.55
2461913.575
2461913.6
2461913.625
2461913.65
2461913.675
2461913.7
2461913.725
2461913.75
2461913.775
2461913.8
2461913.825
2461913.85
2461913.875
2461913.9
2461913.925
2461913.95
2461913.975
2461914
2461914.025
2461914.05
2461914.075
2461914.1
2461914.125
2461914.15
2461914.175
2461914.2
2461914.225
2461914.25
2461914.275
2461914.3
2461914.325
2461914.35
2461914.375
2461914.4
2461914.425
2461914.45
2461914.475
2461914.5
2461914.525
2461914.55
2461914.575
2461914.6
2461914.625
2461914.65
2461914.675
2461914.7
2461914.725
2461914.75
2461914.775
2461914.8
2461914.825
2461914.85
2461914.875
2461914.9
2461914.925
2461914.95
2461914.975
2461915
2461915.025
2461915.05
2461915.075
2461915.1
2461915.125
2461915.15
2461915.175
2461915.2
2461915.225
2461915.25
2461915.275
2461915.3
2461915.325
2461915.35
2461915.375
2461915.4
2461915.425
2461915.45
2461915.475
2461915.5
2461915.525
2461915.55
2461915.575
2461915.6
2461915.625
2461915.65
2461915.675
2461915.7
2461915.725
2461915.75
2461915.775
2461915.8
2461915.825
2461915.85
2461915.875
2461915.9
2461915.925
2461915.95
2461915.975
2461916
2461916.025
2461916.05
2461916.075
2461916.1
2461916.125
2461916.15
2461916.175
2461916.2
2461916.225
2461916.25
2461916.275
2461916.3
2461916.325
2461916.35
2461916.375
2461916.4
2461916.425
2461916.45
2461916.475
2461916.5
2461916.525
2461916.55
2461916.575
2461916.6
2461916.625
2461916.65
2461916.675
2461916.7
2461916.725
2461916.75
2461916.775
2461916.8
2461916.825
2461916.85
2461916.875
2461916.9
2461916.925
2461916.95
2461916.975
2461917
2461917.025
2461917.05
2461917.075
2461917.1
2461917.125
2461917.15
2461917.175
2461917.2
2461917.225
2461917.25
2461917.275
2461917.3
2461917.325
2461917.35
2461917.375
2461917.4
2461917.425
2461917.45
2461917.475
2461917.5
2461917.525
2461917.55
2461917.575
2461917.6
2461917.625
2461917.65
2461917.675
2461917.7
2461917.725
2461917.75
2461917.775
2461917.8
2461917.825
2461917.85
2461917.875
2461917.9
2461917.925
2461917.95
2461917.975
2461918
2461918.025
2461918.05
2461918.075
2461918.1
2461918.125
2461918.15
2461918.175
2461918.2
2461918.225
2461918.25
2461918.275
2461918.3
2461918.325
2461918.35
2461918.375
2461918.4
2461918.425
2461918.45
2461918.475
2461918.5
2461918.525
2461918.55
2461918.575
2461918.6
2461918.625
2461918.65
2461918.675
2461918.7
2461918.725
2461918.75
2461918.775
2461918.8
2461918.825
2461918.85
2461918.875
2461918.9
2461918.925
2461918.95
2461918.975
2461919
2461919.025
2461919.05
2461919.075
2461919.1
2461919.125
2461919.15
2461919.175
2461919.2
2461919.225
2461919.25
2461919.275
2461919.3
2461919.325
2461919.35
2461919.375
2461919.4
2461919.425
2461919.45
2461919.475
2461919.5
2461919.525
2461919.55
2461919.575
2461919.6
2461919.625
2461919.65
2461919.675
2461919.7
2461919.725
2461919.75
2461919.775
2461919.8
2461919.825
2461919.85
2461919.875
2461919.9
2461919.925
2461919.95
2461919.975
2461920
2461920.025
2461920.05
2461920.075
2461920.1
2461920.125
2461920.15
2461920.175
2461920.2
2461920.225
2461920.25
2461920.275
2461920.3
2461920.325
2461920.35
2461920.375
2461920.4
2461920.425
2461920.45
2461920.475
2461920.5
2461920.525
2461920.55
2461920.575
2461920.6
2461920.625
2461920.65
2461920.675
2461920.7
2461920.725
2461920.75
2461920.775
2461920.8
2461920.825
2461920.85
2461920.875
2461920.9
2461920.925
2461920.95
2461920.975
2461921
2461921.025
2461921.05
2461921.075
2461921.1
2461921.125
2461921.15
2461921.175
2461921.2
2461921.225
2461921.25
2461921.275
2461921.3
2461921.325
2461921.35
2461921.375
2461921.4
2461921.425
2461921.45
2461921.475
2461921.5
2461921.525
2461921.55
2461921.575
2461921.6
2461921.625
2461921.65
2461921.675
2461921.7
2461921.725
2461921.75
2461921.775
2461921.8
2461921.825
2461921.85
2461921.875
2461921.9
2461921.925
2461921.95
2461921.975
2461922
2461922.025
2461922.05
2461922.075
2461922.1
2461922.125
2461922.15
2461922.175
2461922.2
2461922.225
2461922.25
2461922.275
2461922.3
2461922.325
2461922.35
2461922.375
2461922.4
2461922.425
2461922.45
2461922.475
2461922.5
2461922.525
2461922.55
2461922.575
2461922.6
2461922.625
2461922.65
2461922.675
2461922.7
2461922.725
2461922.75
2461922.775
2461922.8
2461922.825
2461922.85
2461922.875
2461922.9
2461922.925
2461922.95
2461922.975
2461923
2461923.025
2461923.05
2461923.075
2461923.1
2461923.125
2461923.15
2461923.175
2461923.2
2461923.225
2461923.25
2461923.275
2461923.3
2461923.325
2461923.35
2461923.375
2461923.4
2461923.425
2461923.45
2461923.475
2461923.5
2461923.525
2461923.55
2461923.575
2461923.6
2461923.625
2461923.65
2461923.675
2461923.7
2461923.725
2461923.75
2461923.775
2461923.8
2461923.825
2461923.85
2461923.875
2461923.9
2461923.925
2461923.95
2461923.975
2461924
2461924.025
2461924.05
2461924.075
2461924.1
2461924.125
2461924.15
2461924.175
2461924.2
2461924.225
2461924.25
2461924.275
2461924.3
2461924.325
2461924.35
2461924.375
2461924.4
2461924.425
2461924.45
2461924.475
2461924.5
2461924.525
2461924.55
2461924.575
2461924.6
2461924.625
2461924.65
2461924.675
2461924.7
2461924.725
2461924.75
2461924.775
2461924.8
2461924.825
2461924.85
2461924.875
2461924.9
2461924.925
2461924.95
2461924.975
2461925
2461925.025
2461925.05
2461925.075
2461925.1
2461925.125
2461925.15
2461925.175
2461925.2
2461925.225
2461925.25
2461925.275
2461925.3
2461925.325
2461925.35
2461925.375
2461925.4
2461925.425
2461925.45
2461925.475
2461925.5
2461925.525
2461925.55
2461925.575
2461925.6
2461925.625
2461925.65
2461925.675
2461925.7
2461925.725
2461925.75
2461925.775
2461925.8
2461925.825
2461925.85
2461925.875
2461925.9
2461925.925
2461925.95
2461925.975
2461926
2461926.025
2461926.05
2461926.075
2461926.1
2461926.125
2461926.15
2461926.175
2461926.2
2461926.225
2461926.25
2461926.275
2461926.3
2461926.325
2461926.35
2461926.375
2461926.4
2461926.425
2461926.45
2461926.475
2461926.5
2461926.525
2461926.55
2461926.575
2461926.6
2461926.625
2461926.65
2461926.675
2461926.7
2461926.725
2461926.75
2461926.775
2461926.8
2461926.825
2461926.85
2461926.875
2461926.9
2461926.925
2461926.95
2461926.975
2461927
2461927.025
2461927.05
2461927.075
2461927.1
2461927.125
2461927.15
2461927.175
2461927.2
2461927.225
2461927.25
2461927.275
2461927.3
2461927.325
2461927.35
2461927.375
2461927.4
2461927.425
2461927.45
2461927.475
2461927.5
2461927.525
2461927.55
2461927.575
2461927.6
2461927.625
2461927.65
2461927.675
2461927.7
2461927.725
2461927.75
2461927.775
2461927.8
2461927.825
2461927.85
2461927.875
2461927.9
2461927.925
2461927.95
2461927.975
2461928
2461928.025
2461928.05
2461928.075
2461928.1
2461928.125
2461928.15
2461928.175
2461928.2
2461928.225
2461928.25
2461928.275
2461928.3
2461928.325
2461928.35
2461928.375
2461928.4
2461928.425
2461928.45
2461928.475
2461928.5
2461928.525
2461928.55
2461928.575
2461928.6
2461928.625
2461928.65
2461928.675
2461928.7
2461928.725
2461928.75
2461928.775
2461928.8
2461928.825
2461928.85
2461928.875
2461928.9
2461928.925
2461928.95
2461928.975
2461929
2461929.025
2461929.05
2461929.075
2461929.1
2461929.125
2461929.15
2461929.175
2461929.2
2461929.225
2461929.25
2461929.275
2461929.3
2461929.325
2461929.35
2461929.375
2461929.4
2461929.425
2461929.45
2461929.475
2461929.5
2461929.525
2461929.55
2461929.575
2461929.6
2461929.625
2461929.65
2461929.675
2461929.7
2461929.725
2461929.75
2461929.775
2461929.8
2461929.825
2461929.85
2461929.875
2461929.9
2461929.925
2461929.95
2461929.975
2461930
2461930.025
2461930.05
2461930.075
2461930.1
2461930.125
2461930.15
2461930.175
2461930.2
2461930.225
2461930.25
2461930.275
2461930.3
2461930.325
2461930.35
2461930.375
2461930.4
2461930.425
2461930.45
2461930.475
2461930.5
2461930.525
2461930.55
2461930.575
2461930.6
2461930.625
2461930.65
2461930.675
2461930.7
2461930.725
2461930.75
2461930.775
2461930.8
2461930.825
2461930.85
2461930.875
2461930.9
2461930.925
2461930.95
2461930.975
2461931
2461931.025
2461931.05
2461931.075
2461931.1
2461931.125
2461931.15
2461931.175
2461931.2
2461931.225
2461931.25
2461931.275
2461931.3
2461931.325
2461931.35
2461931.375
2461931.4
2461931.425
2461931.45
2461931.475
2461931.5
2461931.525
2461931.55
2461931.575
2461931.6
2461931.625
2461931.65
2461931.675
2461931.7
2461931.725
2461931.75
2461931.775
2461931.8
2461931.825
2461931.85
2461931.875
2461931.9
2461931.925
2461931.95
2461931.975
2461932
2461932.025
2461932.05
2461932.075
2461932.1
2461932.125
2461932.15
2461932.175
2461932.2
2461932.225
2461932.25
2461932.275
2461932.3
2461932.325
2461932.35
2461932.375
2461932.4
2461932.425
2461932.45
2461932.475
2461932.5
2461932.525
2461932.55
2461932.575
2461932.6
2461932.625
2461932.65
2461932.675
2461932.7
2461932.725
2461932.75
2461932.775
2461932.8
2461932.825
2461932.85
2461932.875
2461932.9
2461932.925
2461932.95
2461932.975
2461933
2461933.025
2461933.05
2461933.075
2461933.1
2461933.125
2461933.15
2461933.175
2461933.2
2461933.225
2461933.25
2461933.275
2461933.3
2461933.325
2461933.35
2461933.375
2461933.4
2461933.425
2461933.45
2461933.475
2461933.5
2461933.525
2461933.55
2461933.575
2461933.6
2461933.625
2461933.65
2461933.675
2461933.7
2461933.725
2461933.75
2461933.775
2461933.8
2461933.825
2461933.85
2461933.875
2461933.9
2461933.925
2461933.95
2461933.975
2461934
2461934.025
2461934.05
2461934.075
2461934.1
2461934.125
2461934.15
2461934.175
2461934.2
2461934.225
2461934.25
2461934.275
2461934.3
2461934.325
2461934.35
2461934.375
2461934.4
2461934.425
2461934.45
2461934.475
2461934.5
2461934.525
2461934.55
2461934.575
2461934.6
2461934.625
2461934.65
2461934.675
2461934.7
2461934.725
2461934.75
2461934.775
2461934.8
2461934.825
2461934.85
2461934.875
2461934.9
2461934.925
2461934.95
2461934.975
2461935
2461935.025
2461935.05
2461935.075
2461935.1
2461935.125
2461935.15
2461935.175
2461935.2
2461935.225
2461935.25
2461935.275
2461935.3
2461935.325
2461935.35
2461935.375
2461935.4
2461935.425
2461935.45
2461935.475
2461935.5
2461935.525
2461935.55
2461935.575
2461935.6
2461935.625
2461935.65
2461935.675
2461935.7
2461935.725
2461935.75
2461935.775
2461935.8
2461935.825
2461935.85
2461935.875
2461935.9
2461935.925
2461935.95
2461935.975
2461936
2461936.025
2461936.05
2461936.075
2461936.1
2461936.125
2461936.15
2461936.175
2461936.2
2461936.225
2461936.25
2461936.275
2461936.3
2461936.325
2461936.35
2461936.375
2461936.4
2461936.425
2461936.45
2461936.475
2461936.5
2461936.525
2461936.55
2461936.575
2461936.6
2461936.625
2461936.65
2461936.675
2461936.7
2461936.725
2461936.75
2461936.775
2461936.8
2461936.825
2461936.85
2461936.875
2461936.9
2461936.925
2461936.95
2461936.975
2461937
2461937.025
2461937.05
2461937.075
2461937.1
2461937.125
2461937.15
2461937.175
2461937.2
2461937.225
2461937.25
2461937.275
2461937.3
2461937.325
2461937.35
2461937.375
2461937.4
2461937.425
2461937.45
2461937.475
2461937.5
2461937.525
2461937.55
2461937.575
2461937.6
2461937.625
2461937.65
2461937.675
2461937.7
2461937.725
2461937.75
2461937.775
2461937.8
2461937.825
2461937.85
2461937.875
2461937.9
2461937.925
2461937.95
2461937.975
2461938
2461938.025
2461938.05
2461938.075
2461938.1
2461938.125
2461938.15
2461938.175
2461938.2
2461938.225
2461938.25
2461938.275
2461938.3
2461938.325
2461938.35
2461938.375
2461938.4
2461938.425
2461938.45
2461938.475
2461938.5
2461938.525
2461938.55
2461938.575
2461938.6
2461938.625
2461938.65
2461938.675
2461938.7
2461938.725
2461938.75
2461938.775
2461938.8
2461938.825
2461938.85
2461938.875
2461938.9
2461938.925
2461938.95
2461938.975
2461939
2461939.025
2461939.05
2461939.075
2461939.1
2461939.125
2461939.15
2461939.175
2461939.2
2461939.225
2461939.25
2461939.275
2461939.3
2461939.325
2461939.35
2461939.375
2461939.4
2461939.425
2461939.45
2461939.475
2461939.5
2461939.525
2461939.55
2461939.575
2461939.6
2461939.625
2461939.65
2461939.675
2461939.7
2461939.725
2461939.75
2461939.775
2461939.8
2461939.825
2461939.85
2461939.875
2461939.9
2461939.925
2461939.95
2461939.975
2461940
2461940.025
2461940.05
2461940.075
2461940.1
2461940.125
2461940.15
2461940.175
2461940.2
2461940.225
2461940.25
2461940.275
2461940.3
2461940.325
2461940.35
2461940.375
2461940.4
2461940.425
2461940.45
2461940.475
2461940.5
2461940.525
2461940.55
2461940.575
2461940.6
2461940.625
2461940.65
2461940.675
2461940.7
2461940.725
2461940.75
2461940.775
2461940.8
2461940.825
2461940.85
2461940.875
2461940.9
2461940.925
2461940.95
2461940.975
2461941
2461941.025
2461941.05
2461941.075
2461941.1
2461941.125
2461941.15
2461941.175
2461941.2
2461941.225
2461941.25
2461941.275
2461941.3
2461941.325
2461941.35
2461941.375
2461941.4
2461941.425
2461941.45
2461941.475
2461941.5
2461941.525
2461941.55
2461941.575
2461941.6
2461941.625
2461941.65
2461941.675
2461941.7
2461941.725
2461941.75
2461941.775
2461941.8
2461941.825
2461941.85
2461941.875
2461941.9
2461941.925
2461941.95
2461941.975
2461942
2461942.025
2461942.05
2461942.075
2461942.1
2461942.125
2461942.15
2461942.175
2461942.2
2461942.225
2461942.25
2461942.275
2461942.3
2461942.325
2461942.35
2461942.375
2461942.4
2461942.425
2461942.45
2461942.475
2461942.5
2461942.525
2461942.55
2461942.575
2461942.6
2461942.625
2461942.65
2461942.675
2461942.7
2461942.725
2461942.75
2461942.775
2461942.8
2461942.825
2461942.85
2461942.875
2461942.9
2461942.925
2461942.95
2461942.975
2461943
2461943.025
2461943.05
2461943.075
2461943.1
2461943.125
2461943.15
2461943.175
2461943.2
2461943.225
2461943.25
2461943.275
2461943.3
2461943.325
2461943.35
2461943.375
2461943.4
2461943.425
2461943.45
2461943.475
2461943.5
2461943.525
2461943.55
2461943.575
2461943.6
2461943.625
2461943.65
2461943.675
2461943.7
2461943.725
2461943.75
2461943.775
2461943.8
2461943.825
2461943.85
2461943.875
2461943.9
2461943.925
2461943.95
2461943.975
2461944
2461944.025
2461944.05
2461944.075
2461944.1
2461944.125
2461944.15
2461944.175
2461944.2
2461944.225
2461944.25
2461944.275
2461944.3
2461944.325
2461944.35
2461944.375
2461944.4
2461944.425
2461944.45
2461944.475
2461944.5
2461944.525
2461944.55
2461944.575
2461944.6
2461944.625
2461944.65
2461944.675
2461944.7
2461944.725
2461944.75
2461944.775
2461944.8
2461944.825
2461944.85
2461944.875
2461944.9
2461944.925
2461944.95
2461944.975
2461945
2461945.025
2461945.05
2461945.075
2461945.1
2461945.125
2461945.15
2461945.175
2461945.2
2461945.225
2461945.25
2461945.275
2461945.3
2461945.325
2461945.35
2461945.375
2461945.4
2461945.425
2461945.45
2461945.475
2461945.5
2461945.525
2461945.55
2461945.575
2461945.6
2461945.625
2461945.65
2461945.675
2461945.7
2461945.725
2461945.75
2461945.775
2461945.8
2461945.825
2461945.85
2461945.875
2461945.9
2461945.925
2461945.95
2461945.975
2461946
2461946.025
2461946.05
2461946.075
2461946.1
2461946.125
2461946.15
2461946.175
2461946.2
2461946.225
2461946.25
2461946.275
2461946.3
2461946.325
2461946.35
2461946.375
2461946.4
2461946.425
2461946.45
2461946.475
2461946.5
2461946.525
2461946.55
2461946.575
2461946.6
2461946.625
2461946.65
2461946.675
2461946.7
2461946.725
2461946.75
2461946.775
2461946.8
2461946.825
2461946.85
2461946.875
2461946.9
2461946.925
2461946.95
2461946.975
2461947
2461947.025
2461947.05
2461947.075
2461947.1
2461947.125
2461947.15
2461947.175
2461947.2
2461947.225
2461947.25
2461947.275
2461947.3
2461947.325
2461947.35
2461947.375
2461947.4
2461947.425
2461947.45
2461947.475
2461947.5
2461947.525
2461947.55
2461947.575
2461947.6
2461947.625
2461947.65
2461947.675
2461947.7
2461947.725
2461947.75
2461947.775
2461947.8
2461947.825
2461947.85
2461947.875
2461947.9
2461947.925
2461947.95
2461947.975
2461948
2461948.025
2461948.05
2461948.075
2461948.1
2461948.125
2461948.15
2461948.175
2461948.2
2461948.225
2461948.25
2461948.275
2461948.3
2461948.325
2461948.35
2461948.375
2461948.4
2461948.425
2461948.45
2461948.475
2461948.5
2461948.525
2461948.55
2461948.575
2461948.6
2461948.625
2461948.65
2461948.675
2461948.7
2461948.725
2461948.75
2461948.775
2461948.8
2461948.825
2461948.85
2461948.875
2461948.9
2461948.925
2461948.95
2461948.975
2461949
2461949.025
2461949.05
2461949.075
2461949.1
2461949.125
2461949.15
2461949.175
2461949.2
2461949.225
2461949.25
2461949.275
2461949.3
2461949.325
2461949.35
2461949.375
2461949.4
2461949.425
2461949.45
2461949.475
2461949.5
2461949.525
2461949.55
2461949.575
2461949.6
2461949.625
2461949.65
2461949.675
2461949.7
2461949.725
2461949.75
2461949.775
2461949.8
2461949.825
2461949.85
2461949.875
2461949.9
2461949.925
2461949.95
2461949.975
2461950
2461950.025
2461950.05
2461950.075
2461950.1
2461950.125
2461950.15
2461950.175
2461950.2
2461950.225
2461950.25
2461950.275
2461950.3
2461950.325
2461950.35
2461950.375
2461950.4
2461950.425
2461950.45
2461950.475
2461950.5
2461950.525
2461950.55
2461950.575
2461950.6
2461950.625
2461950.65
2461950.675
2461950.7
2461950.725
2461950.75
2461950.775
2461950.8
2461950.825
2461950.85
2461950.875
2461950.9
2461950.925
2461950.95
2461950.975
2461951
2461951.025
2461951.05
2461951.075
2461951.1
2461951.125
2461951.15
2461951.175
2461951.2
2461951.225
2461951.25
2461951.275
2461951.3
2461951.325
2461951.35
2461951.375
2461951.4
2461951.425
2461951.45
2461951.475
2461951.5
2461951.525
2461951.55
2461951.575
2461951.6
2461951.625
2461951.65
2461951.675
2461951.7
2461951.725
2461951.75
2461951.775
2461951.8
2461951.825
2461951.85
2461951.875
2461951.9
2461951.925
2461951.95
2461951.975
2461952
2461952.025
2461952.05
2461952.075
2461952.1
2461952.125
2461952.15
2461952.175
2461952.2
2461952.225
2461952.25
2461952.275
2461952.3
2461952.325
2461952.35
2461952.375
2461952.4
2461952.425
2461952.45
2461952.475
2461952.5
2461952.525
2461952.55
2461952.575
2461952.6
2461952.625
2461952.65
2461952.675
2461952.7
2461952.725
2461952.75
2461952.775
2461952.8
2461952.825
2461952.85
2461952.875
2461952.9
2461952.925
2461952.95
2461952.975
2461953
